abadfe01 2017 31 BOS AL 4 0 0 0 0 0 0 0 0 0 0 0 0 0 0 0 0 0 0 0 0 0 0 0 
abreujo02 2017 30 CHW AL 156 675 621 95 189 43 6 33 102 3 0 35 119 0.304 0.354 0.552 0.906 140 343 21 15 0 4 6 
adamecr01 2017 25 COL NL 12 14 13 1 0 0 0 0 0 0 0 1 6 0 0.071 0 0.071 -80 0 0 0 0 0 0 
adamsau02 2017 26 WSN NL 6 0 0 0 0 0 0 0 0 0 0 0 0 0 0 0 0 0 0 0 0 0 0 0 
adamsla01 2017 27 ATL NL 85 122 109 19 30 4 1 5 20 10 0 10 37 0.275 0.339 0.468 0.807 110 51 3 1 1 1 0 
adamsma01 2017 28 ATL NL 100 314 291 42 79 20 1 19 58 0 0 19 71 0.271 0.315 0.543 0.858 121 158 5 1 0 3 5 
adamsma01 2017 28 STL NL 31 53 48 4 14 2 0 1 7 0 0 4 17 0.292 0.34 0.396 0.735 94 19 0 0 0 1 0 
adducji02 2017 32 DET AL 29 93 83 14 20 6 2 1 10 1 1 10 27 0.241 0.323 0.398 0.72 90 33 1 0 0 0 0 
adlemti01 2017 29 CIN NL 27 32 29 0 3 1 0 0 2 0 0 0 10 0.103 0.103 0.138 0.241 -37 4 0 0 3 0 0 
adriaeh01 2017 27 MIN AL 70 186 162 30 43 9 2 2 24 8 1 16 25 0.265 0.324 0.383 0.707 90 62 0 1 1 6 1 
aguilje01 2017 27 MIL NL 133 311 279 40 74 15 2 16 52 0 0 25 94 0.265 0.331 0.505 0.837 114 141 8 4 0 3 1 
ahmedni01 2017 27 ARI NL 53 178 167 24 42 8 1 6 21 3 4 10 39 0.251 0.298 0.419 0.717 78 70 6 1 0 0 3 
alberan01 2017 31 SEA AL 1 3 1 0 1 0 0 0 1 0 0 0 0 1 1 1 2 448 1 0 0 2 0 0 
alberma01 2017 34 WSN NL 59 0 0 0 0 0 0 0 0 0 0 0 0 0 0 0 0 0 0 0 0 0 0 0 
albieoz01 2017 20 ATL NL 57 244 217 34 62 9 5 6 28 8 1 21 36 0.286 0.354 0.456 0.81 112 99 3 3 1 2 0 
albural01 2017 31 KCR AL 1 0 0 0 0 0 0 0 0 0 0 0 0 0 0 0 0 0 0 0 0 0 0 0 
alcanar01 2017 25 CIN NL 70 108 105 13 18 3 1 1 7 2 0 2 38 0.171 0.187 0.248 0.435 13 26 2 0 1 0 0 
alcansa01 2017 21 STL NL 8 0 0 0 0 0 0 0 0 0 0 0 0 0 0 0 0 0 0 0 0 0 0 0 
alexasc02 2017 27 KCR AL 4 3 3 0 0 0 0 0 0 0 0 0 1 0 0 0 0 -100 0 0 0 0 0 0 
alfarjo01 2017 24 PHI NL 29 114 107 12 34 6 0 5 14 0 0 3 33 0.318 0.36 0.514 0.874 129 55 2 4 0 0 1 
alforan01 2017 22 TOR AL 4 8 8 0 1 1 0 0 0 0 0 0 3 0.125 0.125 0.25 0.375 -5 2 0 0 0 0 0 
allenco01 2017 28 CLE AL 5 0 0 0 0 0 0 0 0 0 0 0 0 0 0 0 0 0 0 0 0 0 0 0 
allengr01 2017 24 CLE AL 25 39 35 7 8 1 0 1 6 1 0 2 8 0.229 0.282 0.343 0.625 63 12 0 1 0 1 0 
almonab01 2017 28 CLE AL 69 195 172 26 40 8 3 3 14 2 1 20 46 0.233 0.314 0.366 0.681 78 63 2 1 1 1 0 
almoral01 2017 23 CHC NL 132 323 299 39 89 18 1 8 46 1 0 19 53 0.298 0.338 0.445 0.782 101 133 8 0 3 2 1 
alonsyo01 2017 30 SEA AL 42 150 132 20 35 5 0 6 18 1 0 18 30 0.265 0.353 0.439 0.793 114 58 3 0 0 0 0 
alonsyo01 2017 30 OAK AL 100 371 319 52 85 17 0 22 49 1 0 50 88 0.266 0.369 0.527 0.896 140 168 6 2 0 0 6 
altavda01 2017 24 SEA AL 5 0 0 0 0 0 0 0 0 0 0 0 0 0 0 0 0 0 0 0 0 0 0 0 
altheaa01 2017 26 PHI NL 107 412 372 58 101 24 5 19 65 5 4 32 104 0.272 0.34 0.516 0.856 124 192 12 7 0 1 2 
altuvjo01 2017 27 HOU AL 153 662 590 112 204 39 4 24 81 32 6 58 84 0.346 0.41 0.547 0.957 164 323 19 9 1 4 3 
alvarhe01 2017 27 PHI NL 3 6 6 0 0 0 0 0 0 0 0 0 2 0 0 0 0 -100 0 0 0 0 0 0 
alvarjo02 2017 28 LAA AL 5 0 0 0 0 0 0 0 0 0 0 0 0 0 0 0 0 0 0 0 0 0 0 0 
alvarpe01 2017 30 BAL AL 14 34 32 4 10 1 0 1 4 0 0 2 10 0.313 0.353 0.438 0.79 112 14 0 0 0 0 0 
amarial01 2017 28 COL NL 96 176 168 22 40 10 0 3 19 1 0 7 38 0.238 0.269 0.351 0.62 52 59 5 0 1 0 0 
anderbr04 2017 29 CHC NL 6 8 7 0 1 0 0 0 1 0 0 1 3 0.143 0.25 0.143 0.393 7 1 0 0 0 0 0 
anderbr06 2017 24 MIA NL 25 95 84 11 22 7 1 0 8 0 0 10 28 0.262 0.337 0.369 0.706 91 31 1 0 0 1 0 
anderch01 2017 29 MIL NL 24 55 52 1 7 1 0 0 3 0 0 0 29 0.135 0.135 0.154 0.288 -25 8 1 0 3 0 0 
anderdr02 2017 23 PHI NL 1 0 0 0 0 0 0 0 0 0 0 0 0 0 0 0 0 0 0 0 0 0 0 0 
anderti01 2017 24 CHW AL 146 606 587 72 151 26 4 17 56 15 1 13 162 0.257 0.276 0.402 0.679 80 236 13 3 2 1 0 
anderty01 2017 27 COL NL 17 33 26 1 1 0 0 0 0 0 0 1 17 0.038 0.074 0.038 0.113 -71 1 1 0 6 0 0 
andruel01 2017 28 TEX AL 158 689 643 100 191 44 4 20 88 25 10 38 101 0.297 0.337 0.471 0.808 108 303 18 3 1 4 0 
andujmi01 2017 22 NYY AL 5 8 7 0 4 2 0 0 4 1 0 1 0 0.571 0.625 0.857 1.482 286 6 0 0 0 0 0 
aokino01 2017 35 HOU AL 70 224 202 28 55 12 1 2 19 5 2 15 29 0.272 0.323 0.371 0.694 93 75 11 2 1 4 1 
aokino01 2017 35 TOR AL 12 34 32 4 9 1 0 3 8 0 0 1 5 0.281 0.294 0.594 0.888 124 19 0 0 0 1 0 
aokino01 2017 35 NYM NL 27 116 102 16 29 7 1 0 8 5 0 13 10 0.284 0.371 0.373 0.743 99 38 1 1 0 0 0 
aquinja01 2017 24 BAL AL 1 2 2 0 0 0 0 0 0 0 0 0 2 0 0 0 0 -100 0 0 0 0 0 0 
aranovi01 2017 22 PHI NL 10 0 0 0 0 0 0 0 0 0 0 0 0 0 0 0 0 0 0 0 0 0 0 0 
archech01 2017 28 TBR AL 3 8 8 1 2 0 0 0 1 0 0 0 3 0.25 0.25 0.25 0.5 39 2 1 0 0 0 0 
arciaor01 2017 22 MIL NL 153 548 506 56 140 17 2 15 53 14 7 36 100 0.277 0.324 0.407 0.731 89 206 10 1 2 3 9 
arenano01 2017 26 COL NL 159 680 606 100 187 43 7 37 130 3 2 62 106 0.309 0.373 0.586 0.959 132 355 21 4 1 6 9 
armstsh01 2017 26 CLE AL 3 0 0 0 0 0 0 0 0 0 0 0 0 0 0 0 0 0 0 0 0 0 0 0 
arrieja01 2017 31 CHC NL 29 64 61 2 8 0 1 1 5 0 0 1 32 0.131 0.145 0.213 0.358 -9 13 0 0 2 0 0 
arroybr01 2017 40 CIN NL 15 29 26 0 4 0 0 0 0 0 0 0 10 0.154 0.154 0.154 0.308 -19 4 0 0 3 0 0 
arroych01 2017 22 SFG NL 34 135 125 9 24 5 0 3 14 1 2 8 32 0.192 0.244 0.304 0.548 45 38 4 1 0 1 1 
ascheco01 2017 27 CHW AL 19 62 57 5 6 1 0 1 4 0 0 3 21 0.105 0.177 0.175 0.353 -4 10 1 2 0 0 1 
asheral01 2017 25 BAL AL 2 1 1 0 0 0 0 0 0 0 0 0 0 0 0 0 0 -100 0 0 0 0 0 0 
astinba01 2017 25 CIN NL 6 1 1 0 0 0 0 0 0 0 0 0 1 0 0 0 0 -100 0 0 0 0 0 0 
asuajca01 2017 25 SDP NL 89 343 307 28 83 14 1 4 21 0 1 28 76 0.27 0.334 0.362 0.696 88 111 6 2 5 1 0 
austity01 2017 25 NYY AL 20 46 40 4 9 2 0 2 8 0 0 4 17 0.225 0.283 0.425 0.708 83 17 1 0 0 2 0 
avilaal01 2017 30 CHC NL 35 112 92 11 22 2 1 3 17 0 0 19 40 0.239 0.369 0.38 0.75 96 35 4 0 1 0 0 
avilaal01 2017 30 DET AL 77 264 219 30 60 11 0 11 32 0 1 43 80 0.274 0.394 0.475 0.869 129 104 6 1 0 1 2 
avilalu01 2017 27 LAD NL 58 2 2 0 0 0 0 0 0 0 0 0 1 0 0 0 0 -100 0 0 0 0 0 0 
avilemi01 2017 36 MIA NL 37 97 86 5 20 2 0 1 8 0 0 6 15 0.233 0.298 0.291 0.589 61 25 3 2 3 0 2 
axforjo01 2017 34 OAK AL 3 0 0 0 0 0 0 0 0 0 0 0 0 0 0 0 0 0 0 0 0 0 0 0 
aybarer01 2017 33 SDP NL 108 370 333 37 78 15 1 7 22 11 4 28 57 0.234 0.3 0.348 0.648 74 116 5 4 3 2 2 
baderha01 2017 23 STL NL 32 92 85 10 20 3 0 3 10 2 1 5 24 0.235 0.283 0.376 0.659 72 32 1 1 0 1 1 
baezja01 2017 24 CHC NL 145 508 469 75 128 24 2 23 75 10 3 30 144 0.273 0.317 0.48 0.796 103 225 10 1 6 2 15 
baezpe01 2017 29 LAD NL 61 2 1 0 0 0 0 0 1 0 0 1 1 0 0.5 0 0.5 52 0 0 0 0 0 0 
bailean01 2017 33 LAA AL 1 0 0 0 0 0 0 0 0 0 0 0 0 0 0 0 0 0 0 0 0 0 0 0 
baileho02 2017 31 CIN NL 17 35 28 4 7 2 0 0 0 0 0 0 11 0.25 0.25 0.321 0.571 48 9 0 0 7 0 0 
bandaan01 2017 23 ARI NL 7 6 5 0 0 0 0 0 0 0 0 0 3 0 0 0 0 -100 0 0 0 1 0 0 
bandyje01 2017 27 MIL NL 60 188 169 14 35 6 0 6 18 1 0 15 51 0.207 0.287 0.349 0.636 65 59 5 4 0 0 0 
barbajo01 2017 24 PIT NL 23 1 1 0 0 0 0 0 0 0 0 0 0 0 0 0 0 -100 0 0 0 0 0 0 
barneau01 2017 27 LAD NL 102 262 218 35 63 15 2 8 38 4 1 39 43 0.289 0.408 0.486 0.895 137 106 6 5 0 0 1 
barneda01 2017 31 TOR AL 129 362 336 34 78 14 0 6 25 7 2 18 64 0.232 0.275 0.327 0.602 57 110 13 2 5 1 0 
barneda02 2017 27 TOR AL 4 0 0 0 0 0 0 0 0 0 0 0 0 0 0 0 0 0 0 0 0 0 0 0 
barneja01 2017 27 MIL NL 68 1 0 0 0 0 0 0 0 0 0 1 0 0 1 0 0 0 0 0 0 0 0 0 
barnema01 2017 27 BOS AL 4 0 0 0 0 0 0 0 0 0 0 0 0 0 0 0 0 0 0 0 0 0 0 0 
barneto01 2017 33 TEX AL 3 0 0 0 0 0 0 0 0 0 0 0 0 0 0 0 0 0 0 0 0 0 0 0 
barnhtu01 2017 26 CIN NL 121 423 370 26 100 24 2 7 44 4 0 42 68 0.27 0.347 0.403 0.75 96 149 12 3 5 3 11 
barraky01 2017 27 MIA NL 62 1 1 0 0 0 0 0 0 0 0 0 1 0 0 0 0 -100 0 0 0 0 0 0 
barrefr02 2017 21 OAK AL 25 76 71 10 14 1 2 2 6 2 0 5 33 0.197 0.25 0.352 0.602 62 25 1 0 0 0 0 
barreja01 2017 25 ARI NL 28 0 0 0 0 0 0 0 0 0 0 0 0 0 0 0 0 0 0 0 0 0 0 0 
bastaan01 2017 31 PIT NL 8 1 0 0 0 0 0 0 0 0 0 1 0 0 1 0 0 0 0 0 0 0 0 0 
bauertr01 2017 26 CLE AL 2 3 3 0 0 0 0 0 0 0 0 0 1 0 0 0 0 -100 0 0 0 0 0 0 
baumabu01 2017 29 SDP NL 22 0 0 0 0 0 0 0 0 0 0 0 0 0 0 0 0 0 0 0 0 0 0 0 
bautijo02 2017 36 TOR AL 157 686 587 92 119 27 0 23 65 6 3 84 170 0.203 0.308 0.366 0.674 76 215 16 8 0 7 3 
bautira01 2017 24 WSN NL 17 27 25 2 4 0 0 0 0 0 0 2 5 0.16 0.222 0.16 0.382 2 4 1 0 0 0 0 
beatope01 2017 30 PHI NL 1 0 0 0 0 0 0 0 0 0 0 0 0 0 0 0 0 0 0 0 0 0 0 0 
beckch02 2017 26 CHW AL 5 0 0 0 0 0 0 0 0 0 0 0 0 0 0 0 0 0 0 0 0 0 0 0 
beckhgo01 2017 30 SEA AL 11 18 17 2 3 0 0 0 0 1 0 1 2 0.176 0.222 0.176 0.399 11 3 2 0 0 0 0 
beckhti01 2017 27 TBR AL 87 345 317 31 82 5 3 12 36 5 4 24 110 0.259 0.314 0.407 0.721 97 129 8 2 1 1 0 
beckhti01 2017 27 BAL AL 50 230 216 36 66 13 2 10 26 1 1 12 57 0.306 0.348 0.523 0.871 131 113 2 2 0 0 0 
bedroca01 2017 25 LAA AL 2 0 0 0 0 0 0 0 0 0 0 0 0 0 0 0 0 0 0 0 0 0 0 0 
belisma01 2017 37 MIN AL 6 0 0 0 0 0 0 0 0 0 0 0 0 0 0 0 0 0 0 0 0 0 0 0 
bellch02 2017 28 DET AL 1 0 0 0 0 0 0 0 0 0 0 0 0 0 0 0 0 0 0 0 0 0 0 0 
bellico01 2017 21 LAD NL 132 548 480 87 128 26 4 39 97 10 3 64 146 0.267 0.352 0.581 0.933 142 279 5 1 0 3 13 
belljo02 2017 24 PIT NL 159 620 549 75 140 26 6 26 90 2 4 66 117 0.255 0.334 0.466 0.8 108 256 15 1 0 4 4 
beltbr01 2017 29 SFG NL 104 451 382 63 92 27 3 18 51 3 2 66 104 0.241 0.355 0.469 0.823 117 179 5 2 0 1 2 
beltrad01 2017 38 TEX AL 94 389 340 47 106 22 1 17 71 1 0 39 52 0.312 0.383 0.532 0.915 135 181 7 4 0 6 2 
